# Blender v2.67 (sub 0) OBJ File: 'FlipCard.blend'
# www.blender.org
mtllib baseFlipCard.mtl
o Cylinder.003
v 0.569335 -0.375200 -1.134061
v 0.426210 -0.538306 -1.134062
v 0.152785 -0.669408 -1.134062
v 0.152785 -0.669408 1.134063
v -0.152785 -0.669408 -1.134063
v -0.152786 -0.669408 1.134062
v -0.428096 -0.536825 -1.134063
v -0.428096 -0.536825 1.134062
v -0.618626 -0.297916 -1.134063
v -0.618627 -0.297916 1.134061
v -0.682884 -0.033209 -1.134063
v -0.682877 -0.033209 1.134061
v 0.455691 -0.278430 -1.134062
v 0.455691 -0.278430 1.134063
v 0.335033 -0.420125 -1.134062
v 0.335033 -0.420125 1.134063
v 0.119572 -0.523886 -1.134062
v 0.119571 -0.523886 1.134063
v -0.119572 -0.523886 -1.134063
v -0.119572 -0.523886 1.134062
v -0.335033 -0.420124 -1.134063
v -0.335034 -0.420124 1.134062
v -0.484146 -0.233152 -1.134063
v -0.484146 -0.233152 1.134061
v -0.537362 0.000000 -1.134063
v -0.537355 0.000000 1.134061
v -0.902966 0.931200 -1.134063
v -0.902959 0.931200 1.134062
v -0.757444 0.964409 -1.134063
v -0.757437 0.964409 1.134062
v 0.569334 -0.375200 1.359121
v 0.426209 -0.538306 1.359121
v 0.152784 -0.669408 1.359120
v -0.152786 -0.669408 1.359120
v -0.428096 -0.536825 1.359119
v -0.618627 -0.297916 1.359119
v -0.682878 -0.033209 1.359119
v 0.455690 -0.278430 1.359121
v 0.335032 -0.420125 1.359121
v 0.119571 -0.523886 1.359120
v -0.119573 -0.523886 1.359120
v -0.335034 -0.420124 1.359119
v -0.484147 -0.233152 1.359119
v -0.537355 0.000000 1.359119
v 0.674774 0.602799 1.134063
v 0.554116 0.602798 1.134063
v 0.338654 0.602798 1.134063
v 0.099511 0.602799 1.134062
v -0.115950 0.602798 1.134062
v -0.265063 0.602798 1.134062
v -0.318272 0.602798 1.134062
v 0.674773 0.602799 1.359121
v 0.554116 0.602798 1.359121
v 0.338654 0.602798 1.359121
v 0.099511 0.602799 1.359120
v -0.115951 0.602798 1.359120
v -0.265063 0.602798 1.359120
v -0.318272 0.602798 1.359119
v 1.043244 0.229726 -1.134061
v 1.043244 0.229726 1.134064
v 0.929600 0.229726 -1.134061
v 0.929600 0.229726 1.134063
v 1.043243 0.229726 1.359121
v 0.929599 0.229726 1.359121
v 3.467841 -0.375200 -1.134061
v 3.467841 -0.375200 1.134063
v 3.467841 -0.538306 -1.134062
v 3.467841 -0.538306 1.134063
v 3.467841 -0.669408 -1.134062
v 3.467841 -0.669408 1.134063
v 3.467841 -0.375200 1.359121
v 3.467841 -0.538306 1.359121
v 3.467841 -0.669408 1.359120
v 3.467841 0.229726 -1.134061
v 3.467841 0.229726 1.134063
v 3.467841 0.229726 1.359121
v 0.569333 -0.375200 1.134062
v 0.426208 -0.538306 1.134062
v 0.152784 -0.669408 1.134062
v 0.152786 -0.669408 -1.134062
v -0.152787 -0.669408 1.134062
v -0.152784 -0.669408 -1.134062
v -0.428097 -0.536825 1.134062
v -0.428095 -0.536825 -1.134062
v -0.618628 -0.297916 1.134063
v -0.618625 -0.297916 -1.134062
v -0.682886 -0.033209 1.134062
v -0.682876 -0.033209 -1.134062
v 0.455690 -0.278430 1.134062
v 0.455692 -0.278430 -1.134063
v 0.335032 -0.420125 1.134062
v 0.335034 -0.420125 -1.134062
v 0.119570 -0.523886 1.134062
v 0.119573 -0.523886 -1.134062
v -0.119573 -0.523886 1.134062
v -0.119571 -0.523886 -1.134062
v -0.335035 -0.420124 1.134062
v -0.335032 -0.420124 -1.134062
v -0.484147 -0.233152 1.134063
v -0.484145 -0.233152 -1.134062
v -0.537363 0.000000 1.134063
v -0.537353 0.000000 -1.134062
v -0.902968 0.931200 1.134062
v -0.902958 0.931200 -1.134063
v -0.757445 0.964409 1.134062
v -0.757435 0.964409 -1.134063
v 0.569336 -0.375200 -1.359120
v 0.426211 -0.538306 -1.359120
v 0.152786 -0.669408 -1.359120
v -0.152784 -0.669408 -1.359120
v -0.428095 -0.536825 -1.359120
v -0.618625 -0.297916 -1.359120
v -0.682876 -0.033209 -1.359120
v 0.455692 -0.278430 -1.359120
v 0.335034 -0.420125 -1.359120
v 0.119573 -0.523886 -1.359120
v -0.119571 -0.523886 -1.359120
v -0.335032 -0.420124 -1.359120
v -0.484145 -0.233152 -1.359120
v -0.537353 0.000000 -1.359120
v 0.674775 0.602799 -1.134062
v 0.554117 0.602798 -1.134062
v 0.338656 0.602798 -1.134062
v 0.099512 0.602799 -1.134062
v -0.115949 0.602798 -1.134062
v -0.265062 0.602798 -1.134062
v -0.318270 0.602798 -1.134062
v 0.674775 0.602799 -1.359120
v 0.554117 0.602798 -1.359120
v 0.338656 0.602798 -1.359120
v 0.099512 0.602799 -1.359120
v -0.115949 0.602798 -1.359120
v -0.265062 0.602798 -1.359120
v -0.318270 0.602798 -1.359120
v 1.043242 0.229726 1.134063
v 1.043245 0.229726 -1.134062
v 0.929599 0.229726 1.134062
v 0.929601 0.229726 -1.134062
v 1.043245 0.229726 -1.359120
v 0.929601 0.229726 -1.359120
v 3.467840 -0.375200 1.134066
v 3.467843 -0.375200 -1.134059
v 3.467840 -0.538306 1.134066
v 3.467843 -0.538306 -1.134058
v 3.467839 -0.669408 1.134067
v 3.467842 -0.669408 -1.134058
v 3.467843 -0.375200 -1.359116
v 3.467843 -0.538306 -1.359116
v 3.467843 -0.669408 -1.359116
v 3.467839 0.229726 1.134066
v 3.467842 0.229726 -1.134059
v 3.467843 0.229726 -1.359117
usemtl Material.001
s off
f 59 60 75
f 31 32 72
f 3 4 5
f 5 6 7
f 7 8 9
f 9 10 11
f 15 16 13
f 17 18 15
f 19 20 17
f 21 22 20
f 23 24 22
f 25 26 24
f 9 11 23
f 26 12 44
f 7 9 23
f 38 14 45
f 11 12 27
f 3 5 19
f 43 42 56
f 2 3 17
f 14 16 46
f 63 31 71
f 5 7 19
f 1 2 15
f 13 14 61
f 6 4 33
f 27 28 29
f 25 11 27
f 26 25 29
f 12 26 28
f 32 31 39
f 34 33 41
f 35 34 42
f 37 36 44
f 33 32 39
f 36 35 42
f 2 1 65
f 12 10 37
f 8 6 35
f 60 63 76
f 18 20 48
f 22 24 49
f 42 41 56
f 10 8 36
f 45 46 52
f 47 48 55
f 49 50 56
f 50 51 58
f 48 49 55
f 46 47 54
f 44 43 58
f 24 26 50
f 39 38 53
f 20 22 48
f 16 18 47
f 26 44 51
f 40 39 53
f 41 40 54
f 60 59 61
f 60 62 64
f 14 38 62
f 1 59 74
f 38 31 63
f 1 13 61
f 65 66 68
f 67 68 70
f 68 66 72
f 66 65 74
f 70 68 73
f 71 66 75
f 4 3 69
f 32 33 73
f 33 4 70
f 3 2 67
f 135 150 151
f 107 147 148
f 79 81 80
f 81 83 82
f 83 85 84
f 85 87 86
f 91 89 92
f 93 91 94
f 95 93 94
f 97 95 96
f 99 97 98
f 101 99 100
f 85 99 87
f 102 120 113
f 83 97 99
f 114 128 121
f 87 103 88
f 79 93 95
f 119 133 132
f 78 91 93
f 90 121 122
f 139 152 147
f 81 95 83
f 77 89 91
f 89 137 90
f 82 110 80
f 103 105 104
f 101 105 87
f 102 106 105
f 88 104 106
f 108 115 107
f 110 117 109
f 111 118 110
f 113 120 119
f 109 116 115
f 112 119 111
f 78 143 141
f 88 113 86
f 84 111 110
f 136 151 152
f 94 123 124
f 98 125 100
f 118 132 117
f 86 112 84
f 121 128 122
f 123 130 131
f 125 132 133
f 126 133 134
f 124 131 125
f 122 129 130
f 120 134 133
f 100 126 127
f 115 129 114
f 96 124 98
f 92 122 123
f 102 127 120
f 116 130 129
f 117 131 130
f 136 138 137
f 136 139 138
f 90 138 114
f 77 141 150
f 114 140 107
f 77 135 89
f 141 143 144
f 143 145 146
f 144 148 142
f 142 151 150
f 146 149 144
f 147 152 151
f 80 146 145
f 108 148 149
f 109 149 146
f 79 145 143
f 74 59 75
f 71 31 72
f 4 6 5
f 6 8 7
f 8 10 9
f 10 12 11
f 16 14 13
f 18 16 15
f 20 18 17
f 19 21 20
f 21 23 22
f 23 25 24
f 11 25 23
f 12 37 44
f 21 7 23
f 52 38 45
f 12 28 27
f 17 3 19
f 57 43 56
f 15 2 17
f 45 14 46
f 76 63 71
f 7 21 19
f 13 1 15
f 14 62 61
f 34 6 33
f 28 30 29
f 29 25 27
f 30 26 29
f 26 30 28
f 31 38 39
f 33 40 41
f 34 41 42
f 36 43 44
f 40 33 39
f 43 36 42
f 67 2 65
f 10 36 37
f 6 34 35
f 75 60 76
f 47 18 48
f 24 50 49
f 41 55 56
f 8 35 36
f 46 53 52
f 54 47 55
f 50 57 56
f 57 50 58
f 49 56 55
f 53 46 54
f 43 57 58
f 26 51 50
f 38 52 53
f 22 49 48
f 46 16 47
f 44 58 51
f 54 40 53
f 55 41 54
f 62 60 61
f 63 60 64
f 38 64 62
f 65 1 74
f 64 38 63
f 59 1 61
f 67 65 68
f 69 67 70
f 66 71 72
f 75 66 74
f 68 72 73
f 76 71 75
f 70 4 69
f 72 32 73
f 73 33 70
f 69 3 67
f 136 135 151
f 108 107 148
f 81 82 80
f 83 84 82
f 85 86 84
f 87 88 86
f 89 90 92
f 91 92 94
f 96 95 94
f 98 97 96
f 100 99 98
f 102 101 100
f 99 101 87
f 88 102 113
f 85 83 99
f 90 114 121
f 103 104 88
f 81 79 95
f 118 119 132
f 79 78 93
f 92 90 122
f 107 139 147
f 95 97 83
f 78 77 91
f 137 138 90
f 110 109 80
f 105 106 104
f 105 103 87
f 101 102 105
f 102 88 106
f 115 114 107
f 117 116 109
f 118 117 110
f 112 113 119
f 108 109 115
f 119 118 111
f 77 78 141
f 113 112 86
f 82 84 110
f 139 136 152
f 96 94 124
f 125 126 100
f 132 131 117
f 112 111 84
f 128 129 122
f 124 123 131
f 126 125 133
f 127 126 134
f 131 132 125
f 123 122 130
f 119 120 133
f 102 100 127
f 129 128 114
f 124 125 98
f 94 92 123
f 127 134 120
f 115 116 129
f 116 117 130
f 135 136 137
f 139 140 138
f 138 140 114
f 135 77 150
f 140 139 107
f 135 137 89
f 142 141 144
f 144 143 146
f 148 147 142
f 141 142 150
f 149 148 144
f 142 147 151
f 79 80 145
f 109 108 149
f 80 109 146
f 78 79 143
o Cylinder.002
v 0.298535 -0.000000 -1.326944
v 0.298534 -0.000000 1.326946
v 0.268970 -0.129529 -1.326945
v 0.268970 -0.129529 1.326946
v 0.186133 -0.233404 -1.326945
v 0.186133 -0.233404 1.326946
v 0.066430 -0.291049 -1.326945
v 0.066430 -0.291049 1.326945
v -0.066430 -0.291049 -1.326945
v -0.066431 -0.291049 1.326945
v -0.186133 -0.233403 -1.326946
v -0.186134 -0.233403 1.326945
v -0.268970 -0.129529 -1.326946
v -0.268971 -0.129529 1.326945
v -0.298534 0.000000 -1.326946
v -0.298535 0.000000 1.326944
v -0.268970 0.129529 -1.326946
v -0.268970 0.129529 1.326945
v -0.186133 0.233404 -1.326946
v -0.186133 0.233404 1.326945
v -0.066430 0.291049 -1.326945
v -0.066430 0.291049 1.326945
v 0.066431 0.291049 -1.326945
v 0.066430 0.291049 1.326945
v 0.186134 0.233403 -1.326945
v 0.186133 0.233403 1.326946
v 0.268971 0.129529 -1.326945
v 0.268970 0.129529 1.326946
usemtl Material.003
s off
f 153 154 156
f 155 156 158
f 157 158 160
f 159 160 161
f 161 162 163
f 163 164 165
f 165 166 167
f 167 168 169
f 169 170 171
f 171 172 173
f 173 174 176
f 175 176 178
f 177 178 180
f 179 180 154
f 155 153 156
f 157 155 158
f 159 157 160
f 160 162 161
f 162 164 163
f 164 166 165
f 166 168 167
f 168 170 169
f 170 172 171
f 172 174 173
f 175 173 176
f 177 175 178
f 179 177 180
f 153 179 154
