# Blender v2.67 (sub 0) OBJ File: 'FlipCard.blend'
# www.blender.org
mtllib FlipCard.mtl
o Cylinder.003
v 0.569335 -0.375200 -1.134061
v 0.426210 -0.538306 -1.134062
v 0.152785 -0.669408 -1.134062
v 0.152785 -0.669408 1.134063
v -0.152785 -0.669408 -1.134063
v -0.152786 -0.669408 1.134062
v -0.428096 -0.536825 -1.134063
v -0.428096 -0.536825 1.134062
v -0.618626 -0.297916 -1.134063
v -0.618627 -0.297916 1.134061
v -0.682884 -0.033209 -1.134063
v -0.682877 -0.033209 1.134061
v 0.455691 -0.278430 -1.134062
v 0.455691 -0.278430 1.134063
v 0.335033 -0.420125 -1.134062
v 0.335033 -0.420125 1.134063
v 0.119572 -0.523886 -1.134062
v 0.119571 -0.523886 1.134063
v -0.119572 -0.523886 -1.134063
v -0.119572 -0.523886 1.134062
v -0.335033 -0.420124 -1.134063
v -0.335034 -0.420124 1.134062
v -0.484146 -0.233152 -1.134063
v -0.484146 -0.233152 1.134061
v -0.537362 0.000000 -1.134063
v -0.537355 0.000000 1.134061
v -0.902966 0.931200 -1.134063
v -0.902959 0.931200 1.134062
v -0.757444 0.964409 -1.134063
v -0.757437 0.964409 1.134062
v 0.569334 -0.375200 1.359121
v 0.426209 -0.538306 1.359121
v 0.152784 -0.669408 1.359120
v -0.152786 -0.669408 1.359120
v -0.428096 -0.536825 1.359119
v -0.618627 -0.297916 1.359119
v -0.682878 -0.033209 1.359119
v 0.455690 -0.278430 1.359121
v 0.335032 -0.420125 1.359121
v 0.119571 -0.523886 1.359120
v -0.119573 -0.523886 1.359120
v -0.335034 -0.420124 1.359119
v -0.484147 -0.233152 1.359119
v -0.537355 0.000000 1.359119
v 0.674774 0.602799 1.134063
v 0.554116 0.602798 1.134063
v 0.338654 0.602798 1.134063
v 0.099511 0.602799 1.134062
v -0.115950 0.602798 1.134062
v -0.265063 0.602798 1.134062
v -0.318272 0.602798 1.134062
v 0.674773 0.602799 1.359121
v 0.554116 0.602798 1.359121
v 0.338654 0.602798 1.359121
v 0.099511 0.602799 1.359120
v -0.115951 0.602798 1.359120
v -0.265063 0.602798 1.359120
v -0.318272 0.602798 1.359119
v 1.043244 0.229726 -1.134061
v 1.043244 0.229726 1.134064
v 0.929600 0.229726 -1.134061
v 0.929600 0.229726 1.134063
v 1.043243 0.229726 1.359121
v 0.929599 0.229726 1.359121
v 3.467841 -0.375200 -1.134061
v 3.467841 -0.375200 1.134063
v 3.467841 -0.538306 -1.134062
v 3.467841 -0.538306 1.134063
v 3.467841 -0.669408 -1.134062
v 3.467841 -0.669408 1.134063
v 3.467841 -0.375200 1.359121
v 3.467841 -0.538306 1.359121
v 3.467841 -0.669408 1.359120
v 3.467841 0.229726 -1.134061
v 3.467841 0.229726 1.134063
v 3.467841 0.229726 1.359121
v 0.569333 -0.375200 1.134062
v 0.426208 -0.538306 1.134062
v 0.152784 -0.669408 1.134062
v 0.152786 -0.669408 -1.134062
v -0.152787 -0.669408 1.134062
v -0.152784 -0.669408 -1.134062
v -0.428097 -0.536825 1.134062
v -0.428095 -0.536825 -1.134062
v -0.618628 -0.297916 1.134063
v -0.618625 -0.297916 -1.134062
v -0.682886 -0.033209 1.134062
v -0.682876 -0.033209 -1.134062
v 0.455690 -0.278430 1.134062
v 0.455692 -0.278430 -1.134063
v 0.335032 -0.420125 1.134062
v 0.335034 -0.420125 -1.134062
v 0.119570 -0.523886 1.134062
v 0.119573 -0.523886 -1.134062
v -0.119573 -0.523886 1.134062
v -0.119571 -0.523886 -1.134062
v -0.335035 -0.420124 1.134062
v -0.335032 -0.420124 -1.134062
v -0.484147 -0.233152 1.134063
v -0.484145 -0.233152 -1.134062
v -0.537363 0.000000 1.134063
v -0.537353 0.000000 -1.134062
v -0.902968 0.931200 1.134062
v -0.902958 0.931200 -1.134063
v -0.757445 0.964409 1.134062
v -0.757435 0.964409 -1.134063
v 0.569336 -0.375200 -1.359120
v 0.426211 -0.538306 -1.359120
v 0.152786 -0.669408 -1.359120
v -0.152784 -0.669408 -1.359120
v -0.428095 -0.536825 -1.359120
v -0.618625 -0.297916 -1.359120
v -0.682876 -0.033209 -1.359120
v 0.455692 -0.278430 -1.359120
v 0.335034 -0.420125 -1.359120
v 0.119573 -0.523886 -1.359120
v -0.119571 -0.523886 -1.359120
v -0.335032 -0.420124 -1.359120
v -0.484145 -0.233152 -1.359120
v -0.537353 0.000000 -1.359120
v 0.674775 0.602799 -1.134062
v 0.554117 0.602798 -1.134062
v 0.338656 0.602798 -1.134062
v 0.099512 0.602799 -1.134062
v -0.115949 0.602798 -1.134062
v -0.265062 0.602798 -1.134062
v -0.318270 0.602798 -1.134062
v 0.674775 0.602799 -1.359120
v 0.554117 0.602798 -1.359120
v 0.338656 0.602798 -1.359120
v 0.099512 0.602799 -1.359120
v -0.115949 0.602798 -1.359120
v -0.265062 0.602798 -1.359120
v -0.318270 0.602798 -1.359120
v 1.043242 0.229726 1.134063
v 1.043245 0.229726 -1.134062
v 0.929599 0.229726 1.134062
v 0.929601 0.229726 -1.134062
v 1.043245 0.229726 -1.359120
v 0.929601 0.229726 -1.359120
v 3.467840 -0.375200 1.134066
v 3.467843 -0.375200 -1.134059
v 3.467840 -0.538306 1.134066
v 3.467843 -0.538306 -1.134058
v 3.467839 -0.669408 1.134067
v 3.467842 -0.669408 -1.134058
v 3.467843 -0.375200 -1.359116
v 3.467843 -0.538306 -1.359116
v 3.467843 -0.669408 -1.359116
v 3.467839 0.229726 1.134066
v 3.467842 0.229726 -1.134059
v 3.467843 0.229726 -1.359117
usemtl Material.001
s off
f 59 60 75 74
f 31 32 72 71
f 3 4 6 5
f 5 6 8 7
f 7 8 10 9
f 9 10 12 11
f 15 16 14 13
f 17 18 16 15
f 19 20 18 17
f 21 22 20 19
f 23 24 22 21
f 25 26 24 23
f 9 11 25 23
f 26 12 37 44
f 7 9 23 21
f 38 14 45 52
f 11 12 28 27
f 3 5 19 17
f 43 42 56 57
f 2 3 17 15
f 14 16 46 45
f 63 31 71 76
f 5 7 21 19
f 1 2 15 13
f 13 14 62 61
f 6 4 33 34
f 27 28 30 29
f 25 11 27 29
f 26 25 29 30
f 12 26 30 28
f 32 31 38 39
f 34 33 40 41
f 35 34 41 42
f 37 36 43 44
f 33 32 39 40
f 36 35 42 43
f 2 1 65 67
f 12 10 36 37
f 8 6 34 35
f 60 63 76 75
f 18 20 48 47
f 22 24 50 49
f 42 41 55 56
f 10 8 35 36
f 45 46 53 52
f 47 48 55 54
f 49 50 57 56
f 50 51 58 57
f 48 49 56 55
f 46 47 54 53
f 44 43 57 58
f 24 26 51 50
f 39 38 52 53
f 20 22 49 48
f 16 18 47 46
f 26 44 58 51
f 40 39 53 54
f 41 40 54 55
f 60 59 61 62
f 60 62 64 63
f 14 38 64 62
f 1 59 74 65
f 38 31 63 64
f 1 13 61 59
f 65 66 68 67
f 67 68 70 69
f 68 66 71 72
f 66 65 74 75
f 70 68 72 73
f 71 66 75 76
f 4 3 69 70
f 32 33 73 72
f 33 4 70 73
f 3 2 67 69
f 135 150 151 136
f 107 147 148 108
f 79 81 82 80
f 81 83 84 82
f 83 85 86 84
f 85 87 88 86
f 91 89 90 92
f 93 91 92 94
f 95 93 94 96
f 97 95 96 98
f 99 97 98 100
f 101 99 100 102
f 85 99 101 87
f 102 120 113 88
f 83 97 99 85
f 114 128 121 90
f 87 103 104 88
f 79 93 95 81
f 119 133 132 118
f 78 91 93 79
f 90 121 122 92
f 139 152 147 107
f 81 95 97 83
f 77 89 91 78
f 89 137 138 90
f 82 110 109 80
f 103 105 106 104
f 101 105 103 87
f 102 106 105 101
f 88 104 106 102
f 108 115 114 107
f 110 117 116 109
f 111 118 117 110
f 113 120 119 112
f 109 116 115 108
f 112 119 118 111
f 78 143 141 77
f 88 113 112 86
f 84 111 110 82
f 136 151 152 139
f 94 123 124 96
f 98 125 126 100
f 118 132 131 117
f 86 112 111 84
f 121 128 129 122
f 123 130 131 124
f 125 132 133 126
f 126 133 134 127
f 124 131 132 125
f 122 129 130 123
f 120 134 133 119
f 100 126 127 102
f 115 129 128 114
f 96 124 125 98
f 92 122 123 94
f 102 127 134 120
f 116 130 129 115
f 117 131 130 116
f 136 138 137 135
f 136 139 140 138
f 90 138 140 114
f 77 141 150 135
f 114 140 139 107
f 77 135 137 89
f 141 143 144 142
f 143 145 146 144
f 144 148 147 142
f 142 151 150 141
f 146 149 148 144
f 147 152 151 142
f 80 146 145 79
f 108 148 149 109
f 109 149 146 80
f 79 145 143 78
o Cylinder.002
v 0.298535 -0.000000 -1.326944
v 0.298534 -0.000000 1.326946
v 0.268970 -0.129529 -1.326945
v 0.268970 -0.129529 1.326946
v 0.186133 -0.233404 -1.326945
v 0.186133 -0.233404 1.326946
v 0.066430 -0.291049 -1.326945
v 0.066430 -0.291049 1.326945
v -0.066430 -0.291049 -1.326945
v -0.066431 -0.291049 1.326945
v -0.186133 -0.233403 -1.326946
v -0.186134 -0.233403 1.326945
v -0.268970 -0.129529 -1.326946
v -0.268971 -0.129529 1.326945
v -0.298534 0.000000 -1.326946
v -0.298535 0.000000 1.326944
v -0.268970 0.129529 -1.326946
v -0.268970 0.129529 1.326945
v -0.186133 0.233404 -1.326946
v -0.186133 0.233404 1.326945
v -0.066430 0.291049 -1.326945
v -0.066430 0.291049 1.326945
v 0.066431 0.291049 -1.326945
v 0.066430 0.291049 1.326945
v 0.186134 0.233403 -1.326945
v 0.186133 0.233403 1.326946
v 0.268971 0.129529 -1.326945
v 0.268970 0.129529 1.326946
usemtl Material.003
s off
f 153 154 156 155
f 155 156 158 157
f 157 158 160 159
f 159 160 162 161
f 161 162 164 163
f 163 164 166 165
f 165 166 168 167
f 167 168 170 169
f 169 170 172 171
f 171 172 174 173
f 173 174 176 175
f 175 176 178 177
f 177 178 180 179
f 179 180 154 153
o Cylinder.001
v 0.455691 -0.278430 -1.134062
v 0.455691 -0.278430 1.134063
v 0.335033 -0.420125 -1.134062
v 0.335033 -0.420125 1.134063
v 0.119572 -0.523886 -1.134062
v 0.119571 -0.523886 1.134063
v -0.119572 -0.523886 -1.134063
v -0.119572 -0.523886 1.134062
v -0.335033 -0.420124 -1.134063
v -0.335034 -0.420124 1.134062
v -0.484146 -0.233152 -1.134063
v -0.484146 -0.233152 1.134061
v -0.537362 0.000000 -1.134063
v -0.537355 0.000000 1.134061
v -0.484146 0.233152 -1.134063
v -0.484146 0.233152 1.134061
v -0.335033 0.420125 -1.134063
v -0.335033 0.420125 1.134062
v -0.119571 0.523886 -1.134063
v -0.119572 0.523886 1.134062
v 0.066431 0.529877 -1.134062
v 0.066430 0.529877 1.134063
v 3.279434 0.529870 1.134063
v 3.279434 0.529877 -1.134062
v 0.268970 -0.129529 -1.134062
v 0.268970 -0.129529 1.134063
v 0.186133 -0.233404 -1.134062
v 0.186133 -0.233404 1.134063
v 0.066430 -0.291049 -1.134062
v 0.066430 -0.291049 1.134063
v -0.066430 -0.291049 -1.134063
v -0.066431 -0.291049 1.134062
v -0.186133 -0.233403 -1.134063
v -0.186133 -0.233403 1.134062
v -0.268970 -0.129529 -1.134063
v -0.268970 -0.129529 1.134062
v -0.298534 0.000000 -1.134063
v -0.298535 0.000000 1.134062
v -0.268970 0.129529 -1.134063
v -0.268970 0.129529 1.134062
v -0.186133 0.233404 -1.134063
v -0.186133 0.233404 1.134062
v -0.066430 0.291049 -1.134063
v -0.066430 0.291049 1.134062
v 0.066431 0.291049 -1.134062
v 0.066430 0.291049 1.134063
v 3.279434 0.291049 1.134063
v 3.279434 0.291049 -1.134062
usemtl Material.002
s off
f 181 182 184 183
f 183 184 186 185
f 185 186 188 187
f 187 188 190 189
f 189 190 192 191
f 191 192 194 193
f 193 194 196 195
f 195 196 198 197
f 197 198 200 199
f 199 200 202 201
f 201 202 203 204
f 207 208 206 205
f 209 210 208 207
f 211 212 210 209
f 213 214 212 211
f 215 216 214 213
f 217 218 216 215
f 219 220 218 217
f 221 222 220 219
f 223 224 222 221
f 225 226 224 223
f 228 227 226 225
f 186 184 208 210
f 193 195 219 217
f 187 189 213 211
f 203 202 226 227
f 198 196 220 222
f 184 182 206 208
f 185 187 211 209
f 191 193 217 215
f 190 188 212 214
f 199 201 225 223
f 196 194 218 220
f 202 200 224 226
f 195 197 221 219
f 197 199 223 221
f 188 186 210 212
f 192 190 214 216
f 181 183 207 205
f 194 192 216 218
f 201 204 228 225
f 204 203 227 228
f 182 181 205 206
f 200 198 222 224
f 189 191 215 213
f 183 185 209 207
