# Blender v2.67 (sub 0) OBJ File: 'FlipCard.blend'
# www.blender.org
mtllib flipperFlipCard.mtl
o Cylinder.001
v 0.455691 -0.278430 -1.134062
v 0.455691 -0.278430 1.134063
v 0.335033 -0.420125 -1.134062
v 0.335033 -0.420125 1.134063
v 0.119572 -0.523886 -1.134062
v 0.119571 -0.523886 1.134063
v -0.119572 -0.523886 -1.134063
v -0.119572 -0.523886 1.134062
v -0.335033 -0.420124 -1.134063
v -0.335034 -0.420124 1.134062
v -0.484146 -0.233152 -1.134063
v -0.484146 -0.233152 1.134061
v -0.537362 0.000000 -1.134063
v -0.537355 0.000000 1.134061
v -0.484146 0.233152 -1.134063
v -0.484146 0.233152 1.134061
v -0.335033 0.420125 -1.134063
v -0.335033 0.420125 1.134062
v -0.119571 0.523886 -1.134063
v -0.119572 0.523886 1.134062
v 0.066431 0.529877 -1.134062
v 0.066430 0.529877 1.134063
v 3.279434 0.529870 1.134063
v 3.279434 0.529877 -1.134062
v 0.268970 -0.129529 -1.134062
v 0.268970 -0.129529 1.134063
v 0.186133 -0.233404 -1.134062
v 0.186133 -0.233404 1.134063
v 0.066430 -0.291049 -1.134062
v 0.066430 -0.291049 1.134063
v -0.066430 -0.291049 -1.134063
v -0.066431 -0.291049 1.134062
v -0.186133 -0.233403 -1.134063
v -0.186133 -0.233403 1.134062
v -0.268970 -0.129529 -1.134063
v -0.268970 -0.129529 1.134062
v -0.298534 0.000000 -1.134063
v -0.298535 0.000000 1.134062
v -0.268970 0.129529 -1.134063
v -0.268970 0.129529 1.134062
v -0.186133 0.233404 -1.134063
v -0.186133 0.233404 1.134062
v -0.066430 0.291049 -1.134063
v -0.066430 0.291049 1.134062
v 0.066431 0.291049 -1.134062
v 0.066430 0.291049 1.134063
v 3.279434 0.291049 1.134063
v 3.279434 0.291049 -1.134062
usemtl Material.002
s off
f 1 2 4
f 3 4 6
f 5 6 7
f 7 8 9
f 9 10 11
f 11 12 13
f 13 14 15
f 15 16 17
f 17 18 19
f 19 20 21
f 21 22 24
f 27 28 25
f 29 30 27
f 31 32 30
f 33 34 32
f 35 36 34
f 37 38 36
f 39 40 38
f 41 42 40
f 43 44 42
f 45 46 43
f 48 47 46
f 6 4 28
f 13 15 37
f 7 9 31
f 23 22 46
f 18 16 42
f 4 2 26
f 5 7 31
f 11 13 37
f 10 8 34
f 19 21 43
f 16 14 38
f 22 20 46
f 15 17 39
f 17 19 43
f 8 6 32
f 12 10 34
f 1 3 27
f 14 12 38
f 21 24 48
f 24 23 47
f 2 1 25
f 20 18 42
f 9 11 35
f 3 5 29
f 3 1 4
f 5 3 6
f 6 8 7
f 8 10 9
f 10 12 11
f 12 14 13
f 14 16 15
f 16 18 17
f 18 20 19
f 20 22 21
f 22 23 24
f 28 26 25
f 30 28 27
f 29 31 30
f 31 33 32
f 33 35 34
f 35 37 36
f 37 39 38
f 39 41 40
f 41 43 42
f 46 44 43
f 45 48 46
f 30 6 28
f 15 39 37
f 9 33 31
f 47 23 46
f 16 40 42
f 28 4 26
f 29 5 31
f 35 11 37
f 8 32 34
f 21 45 43
f 40 16 38
f 20 44 46
f 17 41 39
f 41 17 43
f 6 30 32
f 36 12 34
f 25 1 27
f 12 36 38
f 45 21 48
f 48 24 47
f 26 2 25
f 44 20 42
f 33 9 35
f 27 3 29
